1 1.84147
1.01 1.8264
1.02 1.81281
1.03 1.80071
1.04 1.79009
1.05 1.78095
1.06 1.7733
1.07 1.76713
1.08 1.76244
1.09 1.75923
1.1 1.75751
1.11 1.75727
1.12 1.75851
1.13 1.76123
1.14 1.76543
1.15 1.77112
1.16 1.77828
1.17 1.78693
1.18 1.79706
1.19 1.80867
1.2 1.82176
1.21 1.83633
1.22 1.85238
1.23 1.86991
1.24 1.88892
1.25 1.90941
1.26 1.93138
1.27 1.95483
1.28 1.97975
1.29 2.00616
1.3 2.03405
1.31 2.06341
1.32 2.09426
1.33 2.12658
1.34 2.16038
1.35 2.19566
1.36 2.23242
1.37 2.27065
1.38 2.31036
1.39 2.35155
1.4 2.39422
1.41 2.43836
1.42 2.48399
1.43 2.53108
1.44 2.57966
1.45 2.62971
1.46 2.68124
1.47 2.73424
1.48 2.78872
1.49 2.84468
1.5 2.90211
1.51 2.96101
1.52 3.0214
1.53 3.08325
1.54 3.14659
1.55 3.21139
1.56 3.27768
1.57 3.34543
1.58 3.41466
1.59 3.48537
1.6 3.55755
1.61 3.6312
1.62 3.70633
1.63 3.78293
1.64 3.861
1.65 3.94055
1.66 4.02157
1.67 4.10406
1.68 4.18803
1.69 4.27346
1.7 4.36037
1.71 4.44876
1.72 4.53861
1.73 4.62994
1.74 4.72274
1.75 4.81701
1.76 4.91275
1.77 5.00996
1.78 5.10864
1.79 5.2088
1.8 5.31042
1.81 5.41352
1.82 5.51809
1.83 5.62412
1.84 5.73163
1.85 5.84061
1.86 5.95105
1.87 6.06297
1.88 6.17636
1.89 6.29121
1.9 6.40753
1.91 6.52548
1.92 6.64519
1.93 6.76665
1.94 6.88986
1.95 7.01481
1.96 7.14148
1.97 7.26986
1.98 7.39996
1.99 7.53175
2 7.66523
2.01 7.80038
2.02 7.93721
2.03 8.07569
2.04 8.21582
2.05 8.35759
2.06 8.50099
2.07 8.64601
2.08 8.79263
2.09 8.94086
2.1 9.09068
2.11 9.24208
2.12 9.39505
2.13 9.54958
2.14 9.70566
2.15 9.86329
2.16 10.0224
2.17 10.1831
2.18 10.3453
2.19 10.509
2.2 10.6742
2.21 10.8409
2.22 11.009
2.23 11.1786
2.24 11.3497
2.25 11.5222
2.26 11.6961
2.27 11.8715
2.28 12.0483
2.29 12.2265
2.3 12.4061
2.31 12.5871
2.32 12.7694
2.33 12.9531
2.34 13.1382
2.35 13.3246
2.36 13.5124
2.37 13.7015
2.38 13.8919
2.39 14.0836
2.4 14.2767
2.41 14.471
2.42 14.6666
2.43 14.8634
2.44 15.0615
2.45 15.2609
2.46 15.4615
2.47 15.6634
2.48 15.8665
2.49 16.0707
2.5 16.2762
2.51 16.4829
2.52 16.6908
2.53 16.8998
2.54 17.11
2.55 17.3213
2.56 17.5338
2.57 17.7475
2.58 17.9622
2.59 18.1781
2.6 18.3951
2.61 18.6132
2.62 18.8323
2.63 19.0525
2.64 19.2739
2.65 19.4962
2.66 19.7196
2.67 19.9441
2.68 20.1695
2.69 20.396
2.7 20.6235
2.71 20.852
2.72 21.0815
2.73 21.312
2.74 21.5434
2.75 21.7758
2.76 22.0092
2.77 22.2435
2.78 22.4787
2.79 22.7148
2.8 22.9519
2.81 23.1904
2.82 23.4308
2.83 23.6732
2.84 23.9175
2.85 24.1637
2.86 24.4118
2.87 24.6619
2.88 24.9139
2.89 25.1677
2.9 25.4235
2.91 25.6812
2.92 25.9407
2.93 26.2022
2.94 26.4655
2.95 26.7307
2.96 26.9977
2.97 27.2666
2.98 27.5374
2.99 27.81
3 28.0845
3.01 28.3608
3.02 28.6389
3.03 28.9189
3.04 29.2007
3.05 29.4843
3.06 29.7697
3.07 30.0569
3.08 30.3459
3.09 30.6367
3.1 30.9293
3.11 31.2237
3.12 31.5199
3.13 31.8179
3.14 32.1176
3.15 32.419
3.16 32.7223
3.17 33.0273
3.18 33.334
3.19 33.6425
3.2 33.9527
3.21 34.2646
3.22 34.5783
3.23 34.8936
3.24 35.2107
3.25 35.5295
3.26 35.85
3.27 36.1722
3.28 36.4961
3.29 36.8217
3.3 37.149
3.31 37.4779
3.32 37.8085
3.33 38.1408
3.34 38.4747
3.35 38.8103
3.36 39.1475
3.37 39.4864
3.38 39.8269
3.39 40.169
3.4 40.5128
3.41 40.8582
3.42 41.2052
3.43 41.5538
3.44 41.904
3.45 42.2558
3.46 42.6092
3.47 42.9642
3.48 43.3208
3.49 43.6789
3.5 44.0386
3.51 44.3999
3.52 44.7628
3.53 45.1272
3.54 45.4931
3.55 45.8606
3.56 46.2297
3.57 46.6002
3.58 46.9723
3.59 47.346
3.6 47.7211
3.61 48.0977
3.62 48.4759
3.63 48.8556
3.64 49.2367
3.65 49.6193
3.66 50.0035
3.67 50.3891
3.68 50.7761
3.69 51.1647
3.7 51.5547
3.71 51.9472
3.72 52.3434
3.73 52.7432
3.74 53.1465
3.75 53.5533
3.76 53.9637
3.77 54.3776
3.78 54.7949
3.79 55.2156
3.8 55.6397
3.81 56.0672
3.82 56.498
3.83 56.9321
3.84 57.3695
3.85 57.8102
3.86 58.2541
3.87 58.7012
3.88 59.1514
3.89 59.6048
3.9 60.0613
3.91 60.5209
3.92 60.9836
3.93 61.4493
3.94 61.918
3.95 62.3896
3.96 62.8642
3.97 63.3417
3.98 63.8221
3.99 64.3054
4 64.7915
4.01 65.2804
4.02 65.7721
4.03 66.2665
4.04 66.7636
4.05 67.2634
4.06 67.7659
4.07 68.2711
4.08 68.7788
4.09 69.2891
4.1 69.802
4.11 70.3174
4.12 70.8352
4.13 71.3556
4.14 71.8784
4.15 72.4036
4.16 72.9311
4.17 73.4611
4.18 73.9933
4.19 74.5279
4.2 75.0647
4.21 75.6037
4.22 76.145
4.23 76.6885
4.24 77.2341
4.25 77.7818
4.26 78.3317
4.27 78.8836
4.28 79.4375
4.29 79.9935
4.3 80.5514
4.31 81.1114
4.32 81.6732
4.33 82.237
4.34 82.8026
4.35 83.3701
4.36 83.9393
4.37 84.5104
4.38 85.0833
4.39 85.6578
4.4 86.2341
4.41 86.8121
4.42 87.3917
4.43 87.9729
4.44 88.5558
4.45 89.1402
4.46 89.7261
4.47 90.3135
4.48 90.9024
4.49 91.4928
4.5 92.0846
4.51 92.6778
4.52 93.2724
4.53 93.8683
4.54 94.4655
4.55 95.064
4.56 95.6637
4.57 96.2647
4.58 96.8669
4.59 97.4702
4.6 98.0747
4.61 98.6815
4.62 99.2917
4.63 99.9054
4.64 100.522
4.65 101.143
4.66 101.767
4.67 102.394
4.68 103.025
4.69 103.659
4.7 104.297
4.71 104.938
4.72 105.582
4.73 106.229
4.74 106.88
4.75 107.535
4.76 108.192
4.77 108.853
4.78 109.517
4.79 110.185
4.8 110.856
4.81 111.53
4.82 112.207
4.83 112.888
4.84 113.572
4.85 114.259
4.86 114.949
4.87 115.643
4.88 116.339
4.89 117.039
4.9 117.743
4.91 118.449
4.92 119.159
4.93 119.871
4.94 120.587
4.95 121.306
4.96 122.029
4.97 122.754
4.98 123.482
4.99 124.214
5 124.949
5.01 125.687
5.02 126.428
5.03 127.172
5.04 127.919
5.05 128.669
5.06 129.422
5.07 130.178
5.08 130.938
5.09 131.7
5.1 132.465
5.11 133.234
5.12 134.005
5.13 134.779
5.14 135.557
5.15 136.337
5.16 137.12
5.17 137.907
5.18 138.696
5.19 139.488
5.2 140.283
5.21 141.081
5.22 141.882
5.23 142.686
5.24 143.493
5.25 144.302
5.26 145.115
5.27 145.93
5.28 146.748
5.29 147.569
5.3 148.393
5.31 149.22
5.32 150.05
5.33 150.882
5.34 151.717
5.35 152.555
5.36 153.396
5.37 154.24
5.38 155.086
5.39 155.935
5.4 156.787
5.41 157.642
5.42 158.499
5.43 159.359
5.44 160.222
5.45 161.088
5.46 161.956
5.47 162.827
5.48 163.701
5.49 164.577
5.5 165.456
5.51 166.339
5.52 167.227
5.53 168.12
5.54 169.017
5.55 169.92
5.56 170.828
5.57 171.741
5.58 172.659
5.59 173.581
5.6 174.509
5.61 175.441
5.62 176.378
5.63 177.32
5.64 178.267
5.65 179.218
5.66 180.174
5.67 181.134
5.68 182.1
5.69 183.07
5.7 184.044
5.71 185.023
5.72 186.006
5.73 186.995
5.74 187.987
5.75 188.984
5.76 189.985
5.77 190.991
5.78 192.001
5.79 193.016
5.8 194.034
5.81 195.057
5.82 196.085
5.83 197.116
5.84 198.152
5.85 199.192
5.86 200.236
5.87 201.284
5.88 202.336
5.89 203.392
5.9 204.453
5.91 205.517
5.92 206.585
5.93 207.658
5.94 208.734
5.95 209.814
5.96 210.898
5.97 211.986
5.98 213.078
5.99 214.173
6 215.272
6.01 216.375
6.02 217.482
6.03 218.593
6.04 219.707
6.05 220.824
6.06 221.946
6.07 223.071
6.08 224.199
6.09 225.331
6.1 226.466
6.11 227.605
6.12 228.748
6.13 229.894
6.14 231.043
6.15 232.195
6.16 233.351
6.17 234.511
6.18 235.673
6.19 236.839
6.2 238.008
6.21 239.18
6.22 240.355
6.23 241.534
6.24 242.716
6.25 243.9
6.26 245.088
6.27 246.279
6.28 247.473
6.29 248.67
6.3 249.87
6.31 251.072
6.32 252.278
6.33 253.487
6.34 254.698
6.35 255.912
6.36 257.129
6.37 258.349
6.38 259.572
6.39 260.797
6.4 262.025
6.41 263.257
6.42 264.493
6.43 265.734
6.44 266.979
6.45 268.229
6.46 269.483
6.47 270.742
6.48 272.006
6.49 273.274
6.5 274.546
6.51 275.823
6.52 277.104
6.53 278.39
6.54 279.68
6.55 280.974
6.56 282.273
6.57 283.576
6.58 284.883
6.59 286.195
6.6 287.511
6.61 288.831
6.62 290.155
6.63 291.484
6.64 292.816
6.65 294.153
6.66 295.494
6.67 296.84
6.68 298.189
6.69 299.543
6.7 300.9
6.71 302.262
6.72 303.627
6.73 304.997
6.74 306.371
6.75 307.749
6.76 309.13
6.77 310.516
6.78 311.906
6.79 313.299
6.8 314.696
6.81 316.098
6.82 317.503
6.83 318.912
6.84 320.325
6.85 321.741
6.86 323.162
6.87 324.586
6.88 326.014
6.89 327.446
6.9 328.881
6.91 330.32
6.92 331.763
6.93 333.209
6.94 334.66
6.95 336.113
6.96 337.571
6.97 339.031
6.98 340.496
6.99 341.964
7 343.436
7.01 344.911
7.02 346.389
7.03 347.871
7.04 349.357
7.05 350.846
7.06 352.338
7.07 353.834
7.08 355.333
7.09 356.836
7.1 358.341
7.11 359.851
7.12 361.363
7.13 362.879
7.14 364.398
7.15 365.92
7.16 367.446
7.17 368.975
7.18 370.507
7.19 372.042
7.2 373.58
7.21 375.122
7.22 376.666
7.23 378.214
7.24 379.765
7.25 381.319
7.26 382.876
7.27 384.436
7.28 385.999
7.29 387.565
7.3 389.134
7.31 390.707
7.32 392.285
7.33 393.868
7.34 395.456
7.35 397.049
7.36 398.647
7.37 400.25
7.38 401.859
7.39 403.472
7.4 405.09
7.41 406.713
7.42 408.341
7.43 409.974
7.44 411.613
7.45 413.256
7.46 414.904
7.47 416.557
7.48 418.215
7.49 419.878
7.5 421.546
7.51 423.219
7.52 424.897
7.53 426.58
7.54 428.268
7.55 429.961
7.56 431.658
7.57 433.361
7.58 435.069
7.59 436.781
7.6 438.499
7.61 440.221
7.62 441.948
7.63 443.681
7.64 445.418
7.65 447.16
7.66 448.907
7.67 450.659
7.68 452.415
7.69 454.177
7.7 455.944
7.71 457.715
7.72 459.491
7.73 461.272
7.74 463.058
7.75 464.849
7.76 466.645
7.77 468.446
7.78 470.251
7.79 472.062
7.8 473.877
7.81 475.697
7.82 477.522
7.83 479.351
7.84 481.186
7.85 483.025
7.86 484.869
7.87 486.718
7.88 488.572
7.89 490.431
7.9 492.294
7.91 494.163
7.92 496.036
7.93 497.913
7.94 499.796
7.95 501.684
7.96 503.576
7.97 505.473
7.98 507.374
7.99 509.281
8 511.192
8.01 513.108
8.02 515.029
8.03 516.955
8.04 518.885
8.05 520.82
8.06 522.76
8.07 524.705
8.08 526.654
8.09 528.608
8.1 530.567
8.11 532.53
8.12 534.499
8.13 536.472
8.14 538.449
8.15 540.432
8.16 542.419
8.17 544.41
8.18 546.407
8.19 548.408
8.2 550.414
8.21 552.425
8.22 554.443
8.23 556.467
8.24 558.497
8.25 560.534
8.26 562.577
8.27 564.626
8.28 566.681
8.29 568.743
8.3 570.81
8.31 572.884
8.32 574.964
8.33 577.05
8.34 579.142
8.35 581.24
8.36 583.345
8.37 585.455
8.38 587.571
8.39 589.694
8.4 591.822
8.41 593.956
8.42 596.096
8.43 598.242
8.44 600.394
8.45 602.552
8.46 604.716
8.47 606.886
8.48 609.061
8.49 611.242
8.5 613.429
8.51 615.622
8.52 617.82
8.53 620.024
8.54 622.234
8.55 624.45
8.56 626.671
8.57 628.898
8.58 631.13
8.59 633.368
8.6 635.612
8.61 637.861
8.62 640.116
8.63 642.376
8.64 644.642
8.65 646.913
8.66 649.19
8.67 651.472
8.68 653.76
8.69 656.053
8.7 658.351
8.71 660.655
8.72 662.964
8.73 665.279
8.74 667.598
8.75 669.923
8.76 672.254
8.77 674.589
8.78 676.93
8.79 679.276
8.8 681.627
8.81 683.983
8.82 686.345
8.83 688.711
8.84 691.083
8.85 693.46
8.86 695.842
8.87 698.228
8.88 700.62
8.89 703.017
8.9 705.419
8.91 707.826
8.92 710.238
8.93 712.655
8.94 715.076
8.95 717.503
8.96 719.934
8.97 722.371
8.98 724.812
8.99 727.258
9 729.708
9.01 732.164
9.02 734.624
9.03 737.089
9.04 739.559
9.05 742.033
9.06 744.512
9.07 746.996
9.08 749.484
9.09 751.977
9.1 754.475
9.11 756.977
9.12 759.484
9.13 761.996
9.14 764.513
9.15 767.035
9.16 769.561
9.17 772.092
9.18 774.629
9.19 777.17
9.2 779.716
9.21 782.266
9.22 784.822
9.23 787.383
9.24 789.948
9.25 792.519
9.26 795.094
9.27 797.674
9.28 800.259
9.29 802.849
9.3 805.444
9.31 808.044
9.32 810.648
9.33 813.258
9.34 815.872
9.35 818.492
9.36 821.116
9.37 823.745
9.38 826.38
9.39 829.019
9.4 831.663
9.41 834.312
9.42 836.966
9.43 839.625
9.44 842.289
9.45 844.958
9.46 847.632
9.47 850.31
9.48 852.994
9.49 855.683
9.5 858.377
9.51 861.075
9.52 863.779
9.53 866.488
9.54 869.202
9.55 871.92
9.56 874.644
9.57 877.373
9.58 880.106
9.59 882.845
9.6 885.589
9.61 888.338
9.62 891.091
9.63 893.85
9.64 896.614
9.65 899.383
9.66 902.157
9.67 904.936
9.68 907.72
9.69 910.509
9.7 913.303
9.71 916.102
9.72 918.906
9.73 921.715
9.74 924.53
9.75 927.349
9.76 930.174
9.77 933.003
9.78 935.838
9.79 938.678
9.8 941.523
9.81 944.372
9.82 947.227
9.83 950.088
9.84 952.953
9.85 955.823
9.86 958.699
9.87 961.579
9.88 964.465
9.89 967.356
9.9 970.252
9.91 973.153
9.92 976.059
9.93 978.97
9.94 981.887
9.95 984.808
9.96 987.735
9.97 990.667
9.98 993.604
9.99 996.546
10 999.494
