1 1.84147
1.01 1.86318
1.02 1.88491
1.03 1.90669
1.04 1.92852
1.05 1.95045
1.06 1.97248
1.07 1.99464
1.08 2.01695
1.09 2.03944
1.1 2.06212
1.11 2.08501
1.12 2.10814
1.13 2.13152
1.14 2.15519
1.15 2.17916
1.16 2.20345
1.17 2.22808
1.18 2.25308
1.19 2.27847
1.2 2.30426
1.21 2.33049
1.22 2.35716
1.23 2.38431
1.24 2.41196
1.25 2.44012
1.26 2.46882
1.27 2.49807
1.28 2.52791
1.29 2.55835
1.3 2.58941
1.31 2.62112
1.32 2.6535
1.33 2.68656
1.34 2.72033
1.35 2.75483
1.36 2.79009
1.37 2.82612
1.38 2.86295
1.39 2.90059
1.4 2.93907
1.41 2.97841
1.42 3.01863
1.43 3.05976
1.44 3.10181
1.45 3.14481
1.46 3.18877
1.47 3.23373
1.48 3.27969
1.49 3.32669
1.5 3.37474
1.51 3.42386
1.52 3.47408
1.53 3.52542
1.54 3.5779
1.55 3.63154
1.56 3.68637
1.57 3.74239
1.58 3.79965
1.59 3.85815
1.6 3.91791
1.61 3.97897
1.62 4.04134
1.63 4.10505
1.64 4.1701
1.65 4.23654
1.66 4.30437
1.67 4.37362
1.68 4.44431
1.69 4.51647
1.7 4.5901
1.71 4.66525
1.72 4.74192
1.73 4.82013
1.74 4.89992
1.75 4.9813
1.76 5.06429
1.77 5.14892
1.78 5.2352
1.79 5.32315
1.8 5.41281
1.81 5.50419
1.82 5.59731
1.83 5.69219
1.84 5.78885
1.85 5.88733
1.86 5.98763
1.87 6.08978
1.88 6.1938
1.89 6.29971
1.9 6.40753
1.91 6.51729
1.92 6.62897
1.93 6.74257
1.94 6.85808
1.95 6.97549
1.96 7.09479
1.97 7.21597
1.98 7.33902
1.99 7.46394
2 7.59071
2.01 7.71932
2.02 7.84978
2.03 7.98206
2.04 8.11616
2.05 8.25207
2.06 8.38979
2.07 8.52929
2.08 8.67058
2.09 8.81365
2.1 8.95847
2.11 9.10506
2.12 9.25339
2.13 9.40347
2.14 9.55527
2.15 9.70879
2.16 9.86403
2.17 10.021
2.18 10.1796
2.19 10.3399
2.2 10.5019
2.21 10.6656
2.22 10.8309
2.23 10.9979
2.24 11.1665
2.25 11.3367
2.26 11.5086
2.27 11.6821
2.28 11.8572
2.29 12.0338
2.3 12.2121
2.31 12.3919
2.32 12.5734
2.33 12.7563
2.34 12.9409
2.35 13.1269
2.36 13.3145
2.37 13.5037
2.38 13.6943
2.39 13.8865
2.4 14.0801
2.41 14.2752
2.42 14.4719
2.43 14.67
2.44 14.8695
2.45 15.0705
2.46 15.273
2.47 15.4768
2.48 15.6822
2.49 15.8889
2.5 16.097
2.51 16.3066
2.52 16.5175
2.53 16.7298
2.54 16.9435
2.55 17.1585
2.56 17.3749
2.57 17.5927
2.58 17.8118
2.59 18.0322
2.6 18.2539
2.61 18.4769
2.62 18.7013
2.63 18.9269
2.64 19.1539
2.65 19.382
2.66 19.6115
2.67 19.8422
2.68 20.0742
2.69 20.3074
2.7 20.5418
2.71 20.7775
2.72 21.0144
2.73 21.2524
2.74 21.4917
2.75 21.7322
2.76 21.9738
2.77 22.2166
2.78 22.4605
2.79 22.7057
2.8 22.9519
2.81 23.1993
2.82 23.4478
2.83 23.6975
2.84 23.9484
2.85 24.2004
2.86 24.4537
2.87 24.7082
2.88 24.9639
2.89 25.2209
2.9 25.4791
2.91 25.7386
2.92 25.9995
2.93 26.2616
2.94 26.525
2.95 26.7898
2.96 27.056
2.97 27.3235
2.98 27.5924
2.99 27.8627
3 28.1344
3.01 28.4076
3.02 28.6821
3.03 28.9582
3.04 29.2357
3.05 29.5147
3.06 29.7952
3.07 30.0773
3.08 30.3608
3.09 30.6459
3.1 30.9326
3.11 31.2209
3.12 31.5107
3.13 31.8022
3.14 32.0952
3.15 32.3899
3.16 32.6863
3.17 32.9843
3.18 33.284
3.19 33.5854
3.2 33.8886
3.21 34.1934
3.22 34.5
3.23 34.8083
3.24 35.1184
3.25 35.4303
3.26 35.744
3.27 36.0596
3.28 36.3769
3.29 36.6961
3.3 37.0171
3.31 37.3401
3.32 37.6649
3.33 37.9916
3.34 38.3202
3.35 38.6508
3.36 38.9833
3.37 39.3178
3.38 39.6543
3.39 39.9927
3.4 40.3332
3.41 40.6757
3.42 41.0202
3.43 41.3668
3.44 41.7154
3.45 42.0661
3.46 42.419
3.47 42.7739
3.48 43.131
3.49 43.4902
3.5 43.8515
3.51 44.2151
3.52 44.5808
3.53 44.9487
3.54 45.3189
3.55 45.6912
3.56 46.0659
3.57 46.4427
3.58 46.8219
3.59 47.2033
3.6 47.5871
3.61 47.9732
3.62 48.3616
3.63 48.7523
3.64 49.1455
3.65 49.541
3.66 49.9388
3.67 50.3392
3.68 50.7419
3.69 51.1471
3.7 51.5547
3.71 51.9648
3.72 52.3773
3.73 52.7923
3.74 53.2098
3.75 53.6298
3.76 54.0522
3.77 54.477
3.78 54.9043
3.79 55.3341
3.8 55.7663
3.81 56.2009
3.82 56.638
3.83 57.0776
3.84 57.5196
3.85 57.964
3.86 58.4108
3.87 58.8601
3.88 59.3118
3.89 59.7659
3.9 60.2225
3.91 60.6815
3.92 61.1429
3.93 61.6067
3.94 62.073
3.95 62.5417
3.96 63.0127
3.97 63.4862
3.98 63.9621
3.99 64.4404
4 64.9211
4.01 65.4042
4.02 65.8897
4.03 66.3776
4.04 66.8679
4.05 67.3605
4.06 67.8556
4.07 68.3531
4.08 68.8529
4.09 69.3551
4.1 69.8597
4.11 70.3667
4.12 70.8761
4.13 71.3878
4.14 71.9019
4.15 72.4184
4.16 72.9372
4.17 73.4584
4.18 73.982
4.19 74.5079
4.2 75.0362
4.21 75.5668
4.22 76.0998
4.23 76.6352
4.24 77.1729
4.25 77.7129
4.26 78.2553
4.27 78.8
4.28 79.3471
4.29 79.8965
4.3 80.4482
4.31 81.0023
4.32 81.5587
4.33 82.1174
4.34 82.6784
4.35 83.2418
4.36 83.8075
4.37 84.3755
4.38 84.9459
4.39 85.5185
4.4 86.0935
4.41 86.6707
4.42 87.2503
4.43 87.8322
4.44 88.4164
4.45 89.0029
4.46 89.5916
4.47 90.1827
4.48 90.7761
4.49 91.3718
4.5 91.9697
4.51 92.57
4.52 93.1725
4.53 93.7773
4.54 94.3844
4.55 94.9938
4.56 95.6054
4.57 96.2193
4.58 96.8355
4.59 97.454
4.6 98.0747
4.61 98.6977
4.62 99.323
4.63 99.9506
4.64 100.58
4.65 101.213
4.66 101.847
4.67 102.484
4.68 103.124
4.69 103.765
4.7 104.41
4.71 105.056
4.72 105.705
4.73 106.357
4.74 107.011
4.75 107.668
4.76 108.327
4.77 108.989
4.78 109.653
4.79 110.32
4.8 110.989
4.81 111.662
4.82 112.336
4.83 113.014
4.84 113.694
4.85 114.377
4.86 115.063
4.87 115.751
4.88 116.442
4.89 117.136
4.9 117.833
4.91 118.532
4.92 119.234
4.93 119.94
4.94 120.648
4.95 121.359
4.96 122.073
4.97 122.789
4.98 123.509
4.99 124.232
5 124.958
5.01 125.686
5.02 126.418
5.03 127.153
5.04 127.891
5.05 128.632
5.06 129.376
5.07 130.123
5.08 130.873
5.09 131.626
5.1 132.383
5.11 133.143
5.12 133.906
5.13 134.672
5.14 135.441
5.15 136.214
5.16 136.99
5.17 137.769
5.18 138.552
5.19 139.338
5.2 140.127
5.21 140.92
5.22 141.716
5.23 142.515
5.24 143.318
5.25 144.124
5.26 144.934
5.27 145.747
5.28 146.564
5.29 147.384
5.3 148.208
5.31 149.035
5.32 149.866
5.33 150.701
5.34 151.539
5.35 152.381
5.36 153.226
5.37 154.075
5.38 154.928
5.39 155.785
5.4 156.645
5.41 157.509
5.42 158.377
5.43 159.248
5.44 160.123
5.45 161.002
5.46 161.885
5.47 162.772
5.48 163.663
5.49 164.557
5.5 165.456
5.51 166.358
5.52 167.265
5.53 168.175
5.54 169.089
5.55 170.007
5.56 170.929
5.57 171.855
5.58 172.785
5.59 173.718
5.6 174.656
5.61 175.597
5.62 176.543
5.63 177.492
5.64 178.445
5.65 179.402
5.66 180.363
5.67 181.328
5.68 182.296
5.69 183.269
5.7 184.245
5.71 185.225
5.72 186.21
5.73 187.198
5.74 188.189
5.75 189.185
5.76 190.185
5.77 191.188
5.78 192.195
5.79 193.206
5.8 194.221
5.81 195.24
5.82 196.262
5.83 197.289
5.84 198.319
5.85 199.353
5.86 200.391
5.87 201.433
5.88 202.478
5.89 203.527
5.9 204.581
5.91 205.637
5.92 206.698
5.93 207.763
5.94 208.831
5.95 209.903
5.96 210.979
5.97 212.059
5.98 213.142
5.99 214.229
6 215.321
6.01 216.415
6.02 217.514
6.03 218.616
6.04 219.722
6.05 220.832
6.06 221.946
6.07 223.063
6.08 224.184
6.09 225.309
6.1 226.438
6.11 227.57
6.12 228.706
6.13 229.846
6.14 230.99
6.15 232.137
6.16 233.288
6.17 234.443
6.18 235.602
6.19 236.764
6.2 237.93
6.21 239.1
6.22 240.273
6.23 241.45
6.24 242.631
6.25 243.815
6.26 245.003
6.27 246.195
6.28 247.391
6.29 248.59
6.3 249.793
6.31 251
6.32 252.21
6.33 253.424
6.34 254.642
6.35 255.863
6.36 257.088
6.37 258.317
6.38 259.549
6.39 260.785
6.4 262.025
6.41 263.268
6.42 264.515
6.43 265.766
6.44 267.02
6.45 268.278
6.46 269.54
6.47 270.805
6.48 272.074
6.49 273.347
6.5 274.623
6.51 275.904
6.52 277.187
6.53 278.475
6.54 279.766
6.55 281.061
6.56 282.36
6.57 283.662
6.58 284.969
6.59 286.278
6.6 287.592
6.61 288.91
6.62 290.231
6.63 291.556
6.64 292.884
6.65 294.217
6.66 295.553
6.67 296.893
6.68 298.237
6.69 299.584
6.7 300.936
6.71 302.291
6.72 303.65
6.73 305.013
6.74 306.379
6.75 307.75
6.76 309.124
6.77 310.502
6.78 311.884
6.79 313.269
6.8 314.659
6.81 316.052
6.82 317.449
6.83 318.85
6.84 320.255
6.85 321.664
6.86 323.077
6.87 324.493
6.88 325.914
6.89 327.338
6.9 328.766
6.91 330.198
6.92 331.634
6.93 333.074
6.94 334.518
6.95 335.966
6.96 337.417
6.97 338.873
6.98 340.332
6.99 341.795
7 343.263
7.01 344.734
7.02 346.209
7.03 347.688
7.04 349.171
7.05 350.658
7.06 352.149
7.07 353.644
7.08 355.143
7.09 356.646
7.1 358.153
7.11 359.664
7.12 361.179
7.13 362.698
7.14 364.22
7.15 365.747
7.16 367.278
7.17 368.813
7.18 370.352
7.19 371.895
7.2 373.442
7.21 374.993
7.22 376.548
7.23 378.107
7.24 379.67
7.25 381.237
7.26 382.808
7.27 384.384
7.28 385.963
7.29 387.546
7.3 389.134
7.31 390.725
7.32 392.321
7.33 393.921
7.34 395.525
7.35 397.133
7.36 398.745
7.37 400.361
7.38 401.982
7.39 403.606
7.4 405.235
7.41 406.868
7.42 408.506
7.43 410.147
7.44 411.793
7.45 413.443
7.46 415.098
7.47 416.757
7.48 418.42
7.49 420.087
7.5 421.759
7.51 423.435
7.52 425.115
7.53 426.8
7.54 428.489
7.55 430.183
7.56 431.881
7.57 433.584
7.58 435.291
7.59 437.002
7.6 438.718
7.61 440.439
7.62 442.164
7.63 443.893
7.64 445.627
7.65 447.366
7.66 449.109
7.67 450.857
7.68 452.609
7.69 454.366
7.7 456.127
7.71 457.894
7.72 459.665
7.73 461.44
7.74 463.22
7.75 465.005
7.76 466.795
7.77 468.589
7.78 470.388
7.79 472.192
7.8 474.001
7.81 475.814
7.82 477.632
7.83 479.455
7.84 481.283
7.85 483.116
7.86 484.953
7.87 486.796
7.88 488.643
7.89 490.495
7.9 492.352
7.91 494.214
7.92 496.081
7.93 497.953
7.94 499.83
7.95 501.711
7.96 503.598
7.97 505.49
7.98 507.387
7.99 509.289
8 511.195
8.01 513.107
8.02 515.024
8.03 516.946
8.04 518.874
8.05 520.806
8.06 522.743
8.07 524.686
8.08 526.634
8.09 528.587
8.1 530.545
8.11 532.508
8.12 534.476
8.13 536.45
8.14 538.429
8.15 540.413
8.16 542.403
8.17 544.398
8.18 546.398
8.19 548.403
8.2 550.414
8.21 552.43
8.22 554.451
8.23 556.478
8.24 558.51
8.25 560.548
8.26 562.591
8.27 564.639
8.28 566.693
8.29 568.752
8.3 570.817
8.31 572.887
8.32 574.962
8.33 577.043
8.34 579.129
8.35 581.221
8.36 583.319
8.37 585.422
8.38 587.53
8.39 589.644
8.4 591.763
8.41 593.888
8.42 596.019
8.43 598.155
8.44 600.297
8.45 602.444
8.46 604.597
8.47 606.755
8.48 608.919
8.49 611.089
8.5 613.264
8.51 615.445
8.52 617.632
8.53 619.824
8.54 622.022
8.55 624.226
8.56 626.435
8.57 628.65
8.58 630.871
8.59 633.097
8.6 635.33
8.61 637.568
8.62 639.811
8.63 642.061
8.64 644.316
8.65 646.577
8.66 648.844
8.67 651.116
8.68 653.395
8.69 655.679
8.7 657.969
8.71 660.265
8.72 662.567
8.73 664.875
8.74 667.188
8.75 669.508
8.76 671.833
8.77 674.164
8.78 676.501
8.79 678.845
8.8 681.194
8.81 683.549
8.82 685.909
8.83 688.276
8.84 690.649
8.85 693.028
8.86 695.413
8.87 697.804
8.88 700.201
8.89 702.604
8.9 705.013
8.91 707.428
8.92 709.849
8.93 712.276
8.94 714.709
8.95 717.148
8.96 719.594
8.97 722.045
8.98 724.503
8.99 726.966
9 729.436
9.01 731.912
9.02 734.394
9.03 736.883
9.04 739.377
9.05 741.878
9.06 744.385
9.07 746.898
9.08 749.417
9.09 751.943
9.1 754.475
9.11 757.013
9.12 759.557
9.13 762.107
9.14 764.664
9.15 767.226
9.16 769.794
9.17 772.369
9.18 774.948
9.19 777.534
9.2 780.125
9.21 782.722
9.22 785.324
9.23 787.932
9.24 790.545
9.25 793.163
9.26 795.786
9.27 798.415
9.28 801.049
9.29 803.687
9.3 806.331
9.31 808.979
9.32 811.633
9.33 814.291
9.34 816.953
9.35 819.62
9.36 822.292
9.37 824.968
9.38 827.649
9.39 830.334
9.4 833.023
9.41 835.716
9.42 838.413
9.43 841.115
9.44 843.82
9.45 846.529
9.46 849.242
9.47 851.959
9.48 854.68
9.49 857.404
9.5 860.131
9.51 862.863
9.52 865.597
9.53 868.335
9.54 871.076
9.55 873.82
9.56 876.568
9.57 879.318
9.58 882.072
9.59 884.828
9.6 887.587
9.61 890.349
9.62 893.114
9.63 895.881
9.64 898.651
9.65 901.424
9.66 904.198
9.67 906.976
9.68 909.755
9.69 912.537
9.7 915.321
9.71 918.107
9.72 920.895
9.73 923.685
9.74 926.476
9.75 929.27
9.76 932.065
9.77 934.862
9.78 937.661
9.79 940.461
9.8 943.263
9.81 946.066
9.82 948.87
9.83 951.675
9.84 954.482
9.85 957.29
9.86 960.099
9.87 962.909
9.88 965.719
9.89 968.531
9.9 971.343
9.91 974.156
9.92 976.97
9.93 979.784
9.94 982.599
9.95 985.414
9.96 988.23
9.97 991.045
9.98 993.861
9.99 996.677
10 999.494
