1 1.84147
1.01 1.15973
1.02 0.518643
1.03 -0.0831624
1.04 -0.647024
1.05 -1.17425
1.06 -1.6661
1.07 -2.12383
1.08 -2.54863
1.09 -2.94169
1.1 -3.30416
1.11 -3.63713
1.12 -3.94172
1.13 -4.21896
1.14 -4.4699
1.15 -4.69553
1.16 -4.89682
1.17 -5.07473
1.18 -5.23018
1.19 -5.36407
1.2 -5.47726
1.21 -5.5706
1.22 -5.64492
1.23 -5.70101
1.24 -5.73966
1.25 -5.76161
1.26 -5.7676
1.27 -5.75834
1.28 -5.73451
1.29 -5.69679
1.3 -5.64581
1.31 -5.58222
1.32 -5.50662
1.33 -5.4196
1.34 -5.32172
1.35 -5.21354
1.36 -5.09561
1.37 -4.96842
1.38 -4.83249
1.39 -4.6883
1.4 -4.53631
1.41 -4.37698
1.42 -4.21075
1.43 -4.03802
1.44 -3.85922
1.45 -3.67473
1.46 -3.48493
1.47 -3.29018
1.48 -3.09084
1.49 -2.88723
1.5 -2.67969
1.51 -2.46853
1.52 -2.25404
1.53 -2.03652
1.54 -1.81623
1.55 -1.59345
1.56 -1.36842
1.57 -1.1414
1.58 -0.912608
1.59 -0.68227
1.6 -0.450599
1.61 -0.217797
1.62 0.0159426
1.63 0.250436
1.64 0.485509
1.65 0.720994
1.66 0.956734
1.67 1.19258
1.68 1.42839
1.69 1.66403
1.7 1.89937
1.71 2.1343
1.72 2.3687
1.73 2.60246
1.74 2.8355
1.75 3.06772
1.76 3.29902
1.77 3.52934
1.78 3.7586
1.79 3.98673
1.8 4.21367
1.81 4.43936
1.82 4.66376
1.83 4.88681
1.84 5.10847
1.85 5.3287
1.86 5.54748
1.87 5.76478
1.88 5.98056
1.89 6.19482
1.9 6.40753
1.91 6.61869
1.92 6.82828
1.93 7.0363
1.94 7.24275
1.95 7.44763
1.96 7.65095
1.97 7.85271
1.98 8.05292
1.99 8.2516
2 8.44876
2.01 8.64442
2.02 8.83861
2.03 9.03134
2.04 9.22264
2.05 9.41254
2.06 9.60107
2.07 9.78825
2.08 9.97413
2.09 10.1587
2.1 10.3421
2.11 10.5243
2.12 10.7053
2.13 10.8852
2.14 11.064
2.15 11.2418
2.16 11.4186
2.17 11.5944
2.18 11.7694
2.19 11.9435
2.2 12.1168
2.21 12.2894
2.22 12.4612
2.23 12.6324
2.24 12.803
2.25 12.973
2.26 13.1426
2.27 13.3116
2.28 13.4803
2.29 13.6487
2.3 13.8167
2.31 13.9845
2.32 14.1521
2.33 14.3196
2.34 14.487
2.35 14.6544
2.36 14.8218
2.37 14.9893
2.38 15.1569
2.39 15.3247
2.4 15.4927
2.41 15.661
2.42 15.8297
2.43 15.9987
2.44 16.1682
2.45 16.3382
2.46 16.5087
2.47 16.6798
2.48 16.8516
2.49 17.024
2.5 17.1972
2.51 17.3712
2.52 17.546
2.53 17.7217
2.54 17.8983
2.55 18.0759
2.56 18.2545
2.57 18.4342
2.58 18.615
2.59 18.7969
2.6 18.98
2.61 19.1644
2.62 19.35
2.63 19.5369
2.64 19.7252
2.65 19.9149
2.66 20.1061
2.67 20.2987
2.68 20.4928
2.69 20.6884
2.7 20.8857
2.71 21.0845
2.72 21.285
2.73 21.4871
2.74 21.691
2.75 21.8966
2.76 22.104
2.77 22.3132
2.78 22.5242
2.79 22.7371
2.8 22.9519
2.81 23.1686
2.82 23.3872
2.83 23.6078
2.84 23.8304
2.85 24.055
2.86 24.2816
2.87 24.5103
2.88 24.7411
2.89 24.9739
2.9 25.2089
2.91 25.446
2.92 25.6853
2.93 25.9268
2.94 26.1704
2.95 26.4163
2.96 26.6644
2.97 26.9147
2.98 27.1673
2.99 27.4221
3 27.6792
3.01 27.9386
3.02 28.2004
3.03 28.4644
3.04 28.7307
3.05 28.9994
3.06 29.2704
3.07 29.5438
3.08 29.8196
3.09 30.0977
3.1 30.3781
3.11 30.661
3.12 30.9462
3.13 31.2339
3.14 31.5239
3.15 31.8163
3.16 32.1112
3.17 32.4084
3.18 32.708
3.19 33.0101
3.2 33.3145
3.21 33.6214
3.22 33.9307
3.23 34.2424
3.24 34.5565
3.25 34.873
3.26 35.192
3.27 35.5133
3.28 35.8371
3.29 36.1633
3.3 36.4918
3.31 36.8228
3.32 37.1562
3.33 37.492
3.34 37.8302
3.35 38.1707
3.36 38.5137
3.37 38.859
3.38 39.2067
3.39 39.5568
3.4 39.9093
3.41 40.2641
3.42 40.6213
3.43 40.9808
3.44 41.3427
3.45 41.7069
3.46 42.0735
3.47 42.4423
3.48 42.8135
3.49 43.1871
3.5 43.5629
3.51 43.941
3.52 44.3215
3.53 44.7042
3.54 45.0892
3.55 45.4765
3.56 45.8661
3.57 46.2579
3.58 46.652
3.59 47.0483
3.6 47.4469
3.61 47.8477
3.62 48.2508
3.63 48.6561
3.64 49.0636
3.65 49.4733
3.66 49.8852
3.67 50.2993
3.68 50.7155
3.69 51.134
3.7 51.5547
3.71 51.9775
3.72 52.4025
3.73 52.8296
3.74 53.2589
3.75 53.6904
3.76 54.124
3.77 54.5597
3.78 54.9976
3.79 55.4376
3.8 55.8797
3.81 56.3239
3.82 56.7702
3.83 57.2187
3.84 57.6692
3.85 58.1218
3.86 58.5766
3.87 59.0334
3.88 59.4923
3.89 59.9533
3.9 60.4164
3.91 60.8815
3.92 61.3487
3.93 61.818
3.94 62.2894
3.95 62.7628
3.96 63.2383
3.97 63.7159
3.98 64.1955
3.99 64.6772
4 65.1609
4.01 65.6467
4.02 66.1346
4.03 66.6245
4.04 67.1164
4.05 67.6105
4.06 68.1066
4.07 68.6047
4.08 69.1049
4.09 69.6072
4.1 70.1116
4.11 70.618
4.12 71.1264
4.13 71.637
4.14 72.1496
4.15 72.6643
4.16 73.1811
4.17 73.7
4.18 74.2209
4.19 74.7439
4.2 75.2691
4.21 75.7963
4.22 76.3257
4.23 76.8571
4.24 77.3907
4.25 77.9264
4.26 78.4642
4.27 79.0042
4.28 79.5463
4.29 80.0905
4.3 80.6369
4.31 81.1854
4.32 81.7362
4.33 82.2891
4.34 82.8441
4.35 83.4014
4.36 83.9609
4.37 84.5226
4.38 85.0865
4.39 85.6526
4.4 86.221
4.41 86.7916
4.42 87.3645
4.43 87.9396
4.44 88.5171
4.45 89.0968
4.46 89.6788
4.47 90.2631
4.48 90.8497
4.49 91.4387
4.5 92.03
4.51 92.6237
4.52 93.2197
4.53 93.8181
4.54 94.4189
4.55 95.0221
4.56 95.6278
4.57 96.2358
4.58 96.8463
4.59 97.4593
4.6 98.0747
4.61 98.6926
4.62 99.313
4.63 99.9359
4.64 100.561
4.65 101.189
4.66 101.82
4.67 102.453
4.68 103.089
4.69 103.727
4.7 104.368
4.71 105.011
4.72 105.658
4.73 106.306
4.74 106.958
4.75 107.612
4.76 108.269
4.77 108.929
4.78 109.591
4.79 110.256
4.8 110.924
4.81 111.594
4.82 112.268
4.83 112.944
4.84 113.623
4.85 114.305
4.86 114.99
4.87 115.677
4.88 116.368
4.89 117.061
4.9 117.758
4.91 118.457
4.92 119.159
4.93 119.864
4.94 120.573
4.95 121.284
4.96 121.998
4.97 122.715
4.98 123.435
4.99 124.159
5 124.885
5.01 125.615
5.02 126.347
5.03 127.083
5.04 127.822
5.05 128.564
5.06 129.309
5.07 130.058
5.08 130.81
5.09 131.564
5.1 132.322
5.11 133.084
5.12 133.848
5.13 134.616
5.14 135.387
5.15 136.162
5.16 136.94
5.17 137.721
5.18 138.505
5.19 139.293
5.2 140.084
5.21 140.879
5.22 141.677
5.23 142.479
5.24 143.284
5.25 144.092
5.26 144.904
5.27 145.719
5.28 146.538
5.29 147.36
5.3 148.186
5.31 149.015
5.32 149.848
5.33 150.684
5.34 151.524
5.35 152.368
5.36 153.215
5.37 154.065
5.38 154.92
5.39 155.778
5.4 156.639
5.41 157.504
5.42 158.373
5.43 159.245
5.44 160.122
5.45 161.001
5.46 161.885
5.47 162.772
5.48 163.663
5.49 164.558
5.5 165.456
5.51 166.358
5.52 167.264
5.53 168.173
5.54 169.086
5.55 170.004
5.56 170.924
5.57 171.849
5.58 172.777
5.59 173.709
5.6 174.645
5.61 175.585
5.62 176.529
5.63 177.476
5.64 178.427
5.65 179.382
5.66 180.341
5.67 181.304
5.68 182.27
5.69 183.241
5.7 184.215
5.71 185.193
5.72 186.175
5.73 187.161
5.74 188.151
5.75 189.144
5.76 190.141
5.77 191.143
5.78 192.148
5.79 193.157
5.8 194.17
5.81 195.187
5.82 196.207
5.83 197.232
5.84 198.26
5.85 199.293
5.86 200.329
5.87 201.369
5.88 202.413
5.89 203.461
5.9 204.513
5.91 205.568
5.92 206.628
5.93 207.691
5.94 208.759
5.95 209.83
5.96 210.905
5.97 211.984
5.98 213.067
5.99 214.154
6 215.244
6.01 216.339
6.02 217.437
6.03 218.54
6.04 219.646
6.05 220.756
6.06 221.87
6.07 222.988
6.08 224.109
6.09 225.235
6.1 226.364
6.11 227.498
6.12 228.635
6.13 229.776
6.14 230.92
6.15 232.069
6.16 233.222
6.17 234.378
6.18 235.538
6.19 236.702
6.2 237.87
6.21 239.042
6.22 240.217
6.23 241.396
6.24 242.58
6.25 243.767
6.26 244.957
6.27 246.152
6.28 247.35
6.29 248.552
6.3 249.758
6.31 250.968
6.32 252.181
6.33 253.399
6.34 254.62
6.35 255.845
6.36 257.073
6.37 258.305
6.38 259.542
6.39 260.781
6.4 262.025
6.41 263.272
6.42 264.523
6.43 265.778
6.44 267.037
6.45 268.299
6.46 269.565
6.47 270.835
6.48 272.108
6.49 273.385
6.5 274.666
6.51 275.951
6.52 277.239
6.53 278.531
6.54 279.827
6.55 281.126
6.56 282.429
6.57 283.736
6.58 285.046
6.59 286.36
6.6 287.678
6.61 288.999
6.62 290.324
6.63 291.653
6.64 292.986
6.65 294.322
6.66 295.662
6.67 297.005
6.68 298.352
6.69 299.703
6.7 301.058
6.71 302.416
6.72 303.777
6.73 305.143
6.74 306.512
6.75 307.885
6.76 309.261
6.77 310.641
6.78 312.025
6.79 313.413
6.8 314.804
6.81 316.198
6.82 317.597
6.83 318.999
6.84 320.405
6.85 321.814
6.86 323.227
6.87 324.644
6.88 326.065
6.89 327.489
6.9 328.917
6.91 330.348
6.92 331.784
6.93 333.223
6.94 334.665
6.95 336.112
6.96 337.562
6.97 339.016
6.98 340.473
6.99 341.935
7 343.4
7.01 344.868
7.02 346.341
7.03 347.817
7.04 349.297
7.05 350.781
7.06 352.269
7.07 353.76
7.08 355.256
7.09 356.755
7.1 358.257
7.11 359.764
7.12 361.275
7.13 362.789
7.14 364.307
7.15 365.829
7.16 367.355
7.17 368.885
7.18 370.419
7.19 371.957
7.2 373.499
7.21 375.044
7.22 376.594
7.23 378.147
7.24 379.705
7.25 381.266
7.26 382.832
7.27 384.401
7.28 385.975
7.29 387.552
7.3 389.134
7.31 390.72
7.32 392.309
7.33 393.903
7.34 395.501
7.35 397.103
7.36 398.71
7.37 400.32
7.38 401.935
7.39 403.554
7.4 405.177
7.41 406.804
7.42 408.436
7.43 410.072
7.44 411.712
7.45 413.356
7.46 415.005
7.47 416.658
7.48 418.316
7.49 419.978
7.5 421.644
7.51 423.315
7.52 424.99
7.53 426.67
7.54 428.354
7.55 430.043
7.56 431.736
7.57 433.433
7.58 435.136
7.59 436.842
7.6 438.554
7.61 440.27
7.62 441.991
7.63 443.716
7.64 445.446
7.65 447.181
7.66 448.92
7.67 450.665
7.68 452.414
7.69 454.167
7.7 455.926
7.71 457.689
7.72 459.458
7.73 461.231
7.74 463.009
7.75 464.792
7.76 466.58
7.77 468.372
7.78 470.17
7.79 471.973
7.8 473.781
7.81 475.594
7.82 477.411
7.83 479.234
7.84 481.063
7.85 482.896
7.86 484.734
7.87 486.577
7.88 488.426
7.89 490.28
7.9 492.139
7.91 494.003
7.92 495.873
7.93 497.747
7.94 499.628
7.95 501.513
7.96 503.404
7.97 505.3
7.98 507.201
7.99 509.108
8 511.02
8.01 512.937
8.02 514.86
8.03 516.789
8.04 518.722
8.05 520.662
8.06 522.606
8.07 524.557
8.08 526.512
8.09 528.473
8.1 530.44
8.11 532.413
8.12 534.39
8.13 536.374
8.14 538.363
8.15 540.357
8.16 542.357
8.17 544.363
8.18 546.374
8.19 548.391
8.2 550.414
8.21 552.442
8.22 554.476
8.23 556.515
8.24 558.56
8.25 560.611
8.26 562.668
8.27 564.73
8.28 566.797
8.29 568.871
8.3 570.95
8.31 573.034
8.32 575.125
8.33 577.221
8.34 579.322
8.35 581.43
8.36 583.543
8.37 585.661
8.38 587.786
8.39 589.916
8.4 592.051
8.41 594.192
8.42 596.339
8.43 598.491
8.44 600.649
8.45 602.813
8.46 604.982
8.47 607.157
8.48 609.337
8.49 611.523
8.5 613.715
8.51 615.912
8.52 618.114
8.53 620.322
8.54 622.535
8.55 624.754
8.56 626.979
8.57 629.208
8.58 631.444
8.59 633.684
8.6 635.93
8.61 638.181
8.62 640.438
8.63 642.7
8.64 644.967
8.65 647.24
8.66 649.517
8.67 651.8
8.68 654.089
8.69 656.382
8.7 658.68
8.71 660.984
8.72 663.292
8.73 665.606
8.74 667.925
8.75 670.248
8.76 672.577
8.77 674.911
8.78 677.249
8.79 679.592
8.8 681.941
8.81 684.294
8.82 686.651
8.83 689.014
8.84 691.381
8.85 693.753
8.86 696.13
8.87 698.511
8.88 700.897
8.89 703.287
8.9 705.682
8.91 708.081
8.92 710.485
8.93 712.893
8.94 715.305
8.95 717.722
8.96 720.143
8.97 722.569
8.98 724.999
8.99 727.432
9 729.871
9.01 732.313
9.02 734.759
9.03 737.21
9.04 739.664
9.05 742.123
9.06 744.585
9.07 747.052
9.08 749.522
9.09 751.997
9.1 754.475
9.11 756.957
9.12 759.443
9.13 761.933
9.14 764.426
9.15 766.924
9.16 769.425
9.17 771.93
9.18 774.439
9.19 776.951
9.2 779.467
9.21 781.987
9.22 784.51
9.23 787.038
9.24 789.569
9.25 792.103
9.26 794.642
9.27 797.184
9.28 799.729
9.29 802.279
9.3 804.832
9.31 807.389
9.32 809.95
9.33 812.514
9.34 815.083
9.35 817.655
9.36 820.231
9.37 822.811
9.38 825.395
9.39 827.983
9.4 830.575
9.41 833.172
9.42 835.772
9.43 838.377
9.44 840.986
9.45 843.599
9.46 846.217
9.47 848.84
9.48 851.467
9.49 854.099
9.5 856.735
9.51 859.377
9.52 862.024
9.53 864.676
9.54 867.333
9.55 869.996
9.56 872.664
9.57 875.338
9.58 878.018
9.59 880.704
9.6 883.397
9.61 886.095
9.62 888.801
9.63 891.513
9.64 894.232
9.65 896.959
9.66 899.693
9.67 902.434
9.68 905.184
9.69 907.942
9.7 910.708
9.71 913.483
9.72 916.268
9.73 919.061
9.74 921.864
9.75 924.678
9.76 927.501
9.77 930.336
9.78 933.181
9.79 936.038
9.8 938.906
9.81 941.787
9.82 944.68
9.83 947.587
9.84 950.507
9.85 953.441
9.86 956.389
9.87 959.353
9.88 962.331
9.89 965.326
9.9 968.338
9.91 971.366
9.92 974.412
9.93 977.477
9.94 980.56
9.95 983.663
9.96 986.786
9.97 989.93
9.98 993.095
9.99 996.283
10 999.494
